000000
000005
000010
000015
000020
000025
000030
000035
000040
000045
000050
000055
000060
000065
000070
000075
000080
000085
000090
000095
000100
000105
000110
000115
000120
000125
000130
000135
000140
000145
000150
000155
000160
000165
000170
000175
000180
000185
000190
000195
000200
000205
000210
000215
000220
000225
000230
000235
000240
000245
000250
000255
000260
000265
000270
000275
000280
000285
000290
000295
000300
000305
000310
000315
000320
000325
000330
000335
000340
000345
000350
000355
000360
000365
000370
000375
000380
000385
000390
000395
000400
000405
000410
000415
000420
000425
000430
000435
000440
000445
000450
000455
000460
000465
000470
000475
000480
000485
000490
000495
000500
000505
000510
000515
000520
000525
000530
000535
000540
000545
000550
000555
000560
000565
000570
000575
000580
000585
000590
000595
000600
000605
000610
000615
000620
000625
000630
000635
000640
000645
000650
000655
000660
000665
000670
000675
000680
000685
000690
000695
000700
000705
000710
000715
000720
000725
000730
000735
000740
000745
000750
000755
000760
000765
000770
000775
000780
000785
000790
000795
000800
000805
000810
000815
000820
000825
000830
000835
000840
000845
000850
000855
000860
000865
000870
000875
000880
000885
000890
000895
000900
000905
000910
000915
000920
000925
000930
000935
000940
000945
000950
000955
000960
000965
000970
000975
000980
000985
000990
000995
001000
001005
001010
001015
001020
001025
001030
001035
001040
001045
001050
001055
001060
001065
001070
001075
001080
001085
001090
001095
001100
001105
001110
001115
001120
001125
001130
001135
001140
001145
001150
001155
001160
001165
001170
001175
001180
001185
001190
001195
001200
001205
001210
001215
001220
001225
001230
001235
001240
001245
001250
001255
001260
001265
001270
001275
001280
001285
001290
001295
001300
001305
001310
001315
001320
001325
001330
001335
001340
001345
001350
001355
001360
001365
001370
001375
001380
001385
001390
001395
001400
001405
001410
001415
001420
001425
001430
001435
001440
001445
001450
001455
001460
001465
001470
001475
001480
001485
001490
001495
001500
001505
001510
001515
001520
001525
001530
001535
001540
001545
001550
001555
001560
001565
001570
001575
001580
001585
001590
001595
001600
001605
001610
001615
001620
001625
001630
001635
001640
001645
001650
001655
001660
001665
001670
001675
001680
001685
001690
001695
001700
001705
001710
001715
001720
001725
001730
001735
001740
001745
001750
001755
001760
001765
001770
001775
001780
001785
001790
001795
001800
001805
001810
001815
001820
001825
001830
001835
001840
001845
001850
001855
001860
001865
001870
001875
001880
001885
001890
001895
001900
001905
001910
001915
001920
001925
001930
001935
001940
001945
001950
001955
001960
001965
001970
001975
001980
001985
001990
001995
002000
002005
002010
002015
002020
002025
002030
002035
002040
002045
002050
002055
002060
002065
002070
002075
002080
002085
002090
002095
002100
002105
002110
002115
002120
002125
002130
002135
002140
002145
002150
002155
002160
002165
002170
002175
002180
002185
002190
002195
002200
002205
002210
002215
002220
002225
002230
002235
002240
002245
002250
002255
002260
002265
002270
002275
002280
002285
002290
002295
002300
002305
002310
002315
002320
002325
002330
002335
002340
002345
002350
002355
002360
002365
002370
002375
002380
002385
002390
002395
002400
002405
002410
002415
002420
002425
002430
002435
002440
002445
002450
002455
002460
002465
002470
002475
002480
002485
002490
002495
002500
002505
002510
002515
002520
002525
002530
002535
002540
002545
002550
002555
002560
002565
002570
002575
002580
002585
002590
002595
002600
002605
002610
002615
002620
002625
002630
002635
002640
002645
002650
002655
002660
002665
002670
002675
002680
002685
002690
002695
002700
002705
002710
002715
002720
002725
002730
002735
002740
002745
002750
002755
002760
002765
002770
002775
002780
002785
002790
002795
002800
002805
002810
002815
002820
002825
002830
002835
002840
002845
002850
002855
002860
002865
002870
002875
002880
002885
002890
002895
002900
002905
002910
002915
002920
002925
002930
002935
002940
002945
002950
002955
002960
002965
002970
002975
002980
002985
002990
002995
003000
003005
003010
003015
003020
003025
003030
003035
003040
003045
003050
003055
003060
003065
003070
003075
003080
003085
003090
003095
003100
003105
003110
003115
003120
003125
003130
003135
003140
003145
003150
003155
003160
003165
003170
003175
003180
003185
003190
003195
003200
003205
003210
003215
003220
003225
003230
003235
003240
003245
003250
003255
003260
003265
003270
003275
003280
003285
003290
003295
003300
003305
003310
003315
003320
003325
003330
003335
003340
003345
003350
003355
003360
003365
003370
003375
003380
003385
003390
003395
003400
003405
003410
003415
003420
003425
003430
003435
003440
003445
003450
003455
003460
003465
003470
003475
003480
003485
003490
003495
003500
003505
003510
003515
003520
003525
003530
003535
003540
003545
003550
003555
003560
003565
003570
003575
003580
003585
003590
003595
003600
003605
003610
003615
003620
003625
003630
003635
003640
003645
003650
003655
003660
003665
003670
003675
003680
003685
003690
003695
003700
003705
003710
003715
003720
003725
003730
003735
003740
003745
003750
003755
003760
003765
003770
003775
003780
003785
003790
003795
003800
003805
003810
003815
003820
003825
003830
003835
003840
003845
003850
003855
003860
003865
003870
003875
003880
003885
003890
003895
003900
003905
003910
003915
003920
003925
003930
003935
003940
003945
003950
003955
003960
003965
003970
003975
003980
003985
003990
003995
004000
004005
004010
004015
004020
004025
004030
004035
004040
004045
004050
004055
004060
004065
004070
